Detailed breakdown of CPU costs, after sub. transform, per time step
averaged over  20  non-output steps
taskid ipid jpid    step     wavespace   advanc     barrier    total
     0    0    0  0.000E+00  0.000E+00  0.000E+00  0.000E+00  2.074E-01
     1    1    0  0.000E+00  0.000E+00  0.000E+00  0.000E+00  2.067E-01
--------------------------------------------
     2    0    1  0.000E+00  0.000E+00  0.000E+00  0.000E+00  2.069E-01
     3    1    1  0.000E+00  0.000E+00  0.000E+00  0.000E+00  2.068E-01
--------------------------------------------
     4    0    2  0.000E+00  0.000E+00  0.000E+00  0.000E+00  2.069E-01
     5    1    2  0.000E+00  0.000E+00  0.000E+00  0.000E+00  2.067E-01
--------------------------------------------
     6    0    3  0.000E+00  0.000E+00  0.000E+00  0.000E+00  2.071E-01
     7    1    3  0.000E+00  0.000E+00  0.000E+00  0.000E+00  2.068E-01
--------------------------------------------
