 istep,kstep= 2*0
  2.67150E-26  1.10091E-15  3.75000E-01  2.08458E-16  8.37954E-17  1.03158E-16  4.38223E-17  7.78289E-17  2.72275E-17  8.61855E-17
  1.31306E-17  5.66772E-17  2.08629E-17  1.94691E-17  1.48719E-17  5.07105E-17  4.07456E-18  3.83179E-17  1.12105E-17  1.41039E-17
  1.68410E-17  1.34734E-17  7.06613E-18  5.51416E-17  1.37345E-17  4.43837E-17  1.73450E-17  1.48251E-17  2.06153E-17  2.80098E-17
  1.69454E-17  6.81146E-17  5.26648E-17  5.53570E-17  1.34384E-16  4.73294E-16  1.16074E-15  1.35732E-15  1.04703E-15  4.68268E-16
  1.08834E-16  3.29067E-17  3.04776E-17  1.76573E-17  1.23467E-17  1.06170E-17  4.86156E-18  3.04244E-17  3.66291E-18  3.22883E-17
  4.41942E-18  6.27360E-18  2.27269E-18  3.18472E-18  1.74072E-18  6.21361E-18  5.78191E-18  8.97838E-18  2.49115E-18  2.65319E-18
  4.15496E-18  9.45178E-18  5.64719E-18  4.16627E-17  4.77816E-18  4.58174E-17  9.08482E-18  8.54819E-18  1.49260E-17  3.14905E-17
  1.41139E-17  1.20349E-16  3.75940E-16  7.03102E-17  7.41454E-16  1.01403E-16  3.92907E-16  1.20761E-16  2.22567E-17  3.86622E-17
  3.03906E-17  1.89797E-17  1.08687E-17  5.16280E-18  7.44421E-18  9.65118E-18  6.45456E-18  9.24744E-18  3.84647E-18  6.32331E-18
  7.43026E-18  3.64123E-18  4.32821E-18  4.24595E-18  2.20951E-18  3.12551E-17  4.42460E-18  3.56751E-17  3.78786E-18  4.29172E-18
  2.22652E-18  3.84568E-18  2.05373E-18  4.00881E-18  1.55965E-18  6.72125E-18  6.41136E-18  6.87181E-18  1.16094E-17  4.60452E-17
  1.03542E-16  1.73347E-16  1.15635E-16  3.87107E-17  1.63807E-17  7.93110E-18  1.00088E-17  8.73846E-18  3.98610E-18  7.52402E-18
  5.89394E-18  3.26351E-18  4.84369E-18  3.50533E-18  1.83902E-18  2.73089E-18  3.74524E-18  5.03186E-17  6.21917E-18  7.57934E-17
  2.75001E-18  3.47000E-18  5.46682E-18  4.55727E-18  2.24642E-18  4.91773E-18  4.24598E-18  3.94214E-18  3.91655E-18  9.89321E-18
  3.61970E-18  5.89998E-18  7.65948E-18  1.14493E-17  1.60403E-17  5.23103E-17  6.63701E-17  9.97647E-17  1.78896E-16  1.19841E-16
  9.38270E-17  3.15485E-17  1.20907E-17  1.10069E-17  7.50133E-18  3.24501E-18  1.22572E-17  6.67278E-18  2.17170E-18  1.47326E-17
  3.13052E-18  2.58946E-17  2.22294E-18  5.06450E-18  2.74956E-18  3.44111E-18  1.85267E-18  8.04217E-18  6.21245E-18  1.01224E-17
  6.45128E-18  4.19099E-18  3.49561E-18  6.60356E-18  3.56499E-18  5.99474E-18  3.20307E-18  1.24137E-17  2.38900E-18  4.33358E-18
  3.99398E-18  3.92840E-18  5.35937E-18  2.19647E-17  3.78035E-17  6.05467E-17  4.47157E-17  3.55386E-17  8.96061E-18  3.93835E-18
  5.11161E-18  2.58067E-17  2.48408E-18  1.20298E-17  3.75685E-18  3.87893E-18  2.95937E-18  3.82321E-18  5.34257E-18  6.05132E-18
  3.23110E-18  5.12207E-18  2.81246E-18  6.34848E-18  2.28564E-18  3.91848E-18  2.70401E-18  8.49736E-18  3.70670E-18  8.07051E-18
  2.65786E-18  7.02364E-18  4.92001E-18  3.35614E-18  3.93935E-18  7.31134E-18  2.86748E-18  1.03620E-17  3.46701E-18  1.54097E-17
  3.94052E-17  1.10449E-17  7.47550E-17  1.61121E-17  4.58388E-17  3.49107E-17  5.51456E-18  6.19708E-18  4.87676E-18  7.42727E-18
  3.94363E-18  5.87141E-18  4.72194E-18  7.07076E-18  3.78254E-18  4.28400E-18  2.66290E-18  2.92016E-18  2.53063E-18  1.03715E-17
  2.57608E-18  1.15881E-17  2.64278E-18  5.88552E-18  3.94251E-18  3.69662E-18  3.97729E-18  6.27788E-18  4.74852E-18  7.19131E-18
  2.61704E-18  3.36515E-18  4.42599E-18  3.67252E-18  2.87312E-18  1.61141E-16  7.39369E-18  1.27155E-16  2.51825E-17  2.78274E-17
  3.23959E-17  2.12889E-17  6.38039E-18  5.95276E-18  5.49838E-18  9.28780E-18  4.72712E-18  9.07190E-18  3.90797E-18  5.24915E-18
  5.07301E-18  1.00565E-17  4.25844E-18  1.52019E-17  6.15884E-18  8.53024E-18  3.92309E-18  6.46773E-18  3.37624E-18  5.14323E-18
  3.06711E-18  7.17878E-18  4.61394E-18  6.57118E-18  4.11082E-18  7.08301E-18  5.29470E-18  1.96995E-17  5.91961E-18  1.67911E-17
  4.86298E-18  7.22872E-18  7.92236E-18  1.04261E-17  1.12802E-17  5.72687E-17  1.05754E-17  7.39761E-17  6.98612E-18  1.09371E-17
  4.32037E-18  8.06428E-18  2.97193E-18  1.08262E-17  3.12159E-18  1.24022E-17  4.03555E-18  9.67417E-18  3.93840E-18  4.61379E-18
  3.59079E-18  5.41353E-18  3.26421E-18  6.46543E-18  3.71355E-18  5.56550E-18  5.33314E-18  3.78820E-18  3.90755E-18  2.10846E-17
  6.96020E-18  2.46751E-17  4.93055E-18  5.32020E-18  4.57914E-18  4.27052E-18  4.73978E-18  5.27166E-18  4.09645E-18  8.43025E-18
  5.92966E-18  7.52328E-18  1.46535E-17  1.80846E-17  1.84158E-17  1.58639E-17  5.29299E-18  1.70623E-17  4.70449E-18  5.34904E-18
  5.21038E-18  6.52951E-18  5.13042E-18  1.06461E-17  7.10264E-18  7.85205E-18  4.75313E-18  4.40601E-18  4.10867E-18  4.90935E-18
  3.38644E-18  1.03284E-17  4.38578E-18  2.08493E-17  4.29675E-18  5.81170E-18  4.05182E-18  6.60603E-18  4.55933E-18  6.36623E-18
  3.99418E-18  6.95442E-18  4.44034E-18  4.96448E-18  4.24146E-18  5.15637E-18  4.19497E-18  8.77598E-18  1.94738E-17  1.34304E-17
  3.43238E-17  9.70929E-18  1.95793E-17  1.23246E-17  4.60224E-18  9.03209E-18  4.28347E-18  6.61997E-18  5.93861E-18  6.06178E-18
  5.55712E-18  7.60340E-18  6.13492E-18  4.26294E-17  6.66919E-18  4.09291E-17  5.18150E-18  5.93471E-18  4.90875E-18  5.87991E-18
  5.38053E-18  9.00481E-18  4.94703E-18  9.88283E-18  6.29907E-18  5.60312E-18  4.71701E-18  5.21026E-18  4.68448E-18  8.62915E-18
  4.34890E-18  1.15323E-17  6.02814E-18  5.55418E-18  4.51179E-18  9.89381E-18  9.33307E-18  1.73691E-17  1.74623E-17  9.34315E-18
  6.28385E-18  8.00117E-18  6.59482E-18  5.64771E-18  5.37263E-18  1.01534E-17  5.34959E-18  1.43099E-17  5.41158E-18  6.87138E-18
  6.56027E-18  7.51656E-18  4.81446E-18  6.31304E-18  4.88304E-18  8.10745E-18  5.71909E-18  6.41527E-18  4.35368E-18  6.12893E-18
  5.01248E-18  8.64625E-18  5.73849E-18  9.47113E-18  5.29976E-18  9.53122E-18  4.26625E-18  6.17574E-18  4.61777E-18  7.48849E-18
  6.29445E-18  1.05221E-17  1.30900E-17  2.08812E-17  2.34438E-17  1.31664E-17  1.58422E-17  1.94543E-17  8.31305E-18  1.29660E-17
  6.94948E-18  8.14774E-18  4.93345E-18  8.63237E-18  5.39919E-18  8.96671E-18  6.53829E-18  6.25900E-18  5.31661E-18  7.14953E-18
  6.92096E-18  6.54950E-18  4.71460E-18  7.64334E-18  7.24126E-18  9.95838E-18  5.28642E-18  8.64781E-18  7.52095E-18  7.16828E-18
  6.60121E-18  6.60980E-18  7.35865E-18  9.71443E-18  5.13488E-18  6.44871E-18  6.62307E-18  6.45164E-18  6.00858E-18  2.01242E-17
  9.91794E-18  2.31388E-17  9.98092E-18  1.12952E-17  5.19776E-18  9.11533E-18  4.79292E-18  9.46772E-18  5.20010E-18  8.53959E-18
  5.68190E-18  7.47730E-18  7.86057E-18  6.62306E-18  7.59077E-18  9.47247E-18  5.38535E-18  1.13068E-17  6.46847E-18  7.35170E-18
  5.04224E-18  7.35941E-18  5.58394E-18  1.02125E-17  6.30846E-18  7.76565E-18  7.63475E-18  7.11047E-18  7.01111E-18  8.27158E-18
  7.88795E-18  1.85712E-16  1.03733E-17  2.05477E-16  1.21994E-17  1.12054E-17  1.38587E-17  1.30258E-17  1.97334E-17  1.38035E-17
  1.50923E-17  1.41749E-17  9.10756E-18  1.00461E-17  9.85757E-18  9.57237E-18  8.71831E-18  1.65906E-17  9.05944E-18  1.52465E-17
  9.46730E-18  9.91678E-18  8.34319E-18  1.14534E-17  6.77812E-18  8.15338E-18  6.75492E-18  9.73128E-18  7.26497E-18  9.87269E-18
  7.12140E-18  8.58897E-18  8.47840E-18  2.32146E-17  8.63782E-18  2.26852E-17  8.94096E-18  1.05082E-17  6.54297E-18  1.14657E-17
  7.91048E-18  1.05409E-17  8.89132E-18  1.16139E-17  1.21827E-17  1.20496E-17  1.03049E-17  9.98803E-18  7.21217E-18  1.42275E-17
  7.20002E-18  1.06225E-17  6.77048E-18  8.74915E-18  6.68691E-18  1.08942E-17  8.94823E-18  1.30301E-17  8.22796E-18  1.70697E-17
  7.89548E-18  7.29970E-18  7.69248E-18  7.12998E-18  6.58998E-18  2.55734E-17  9.16512E-18  3.06445E-17  8.67645E-18  9.15264E-18
  7.69047E-18  1.01304E-17  7.25032E-18  1.06429E-17  8.08683E-18  1.23129E-17  7.26277E-18  7.78838E-18  6.91924E-18  1.19508E-17
  8.48488E-18  3.29590E-17  7.64718E-18  3.40066E-17  7.69389E-18  1.19392E-17  7.46672E-18  1.09985E-17  9.29241E-18  1.17042E-17
  7.14754E-18  1.39243E-17  7.63855E-18  1.53257E-17  8.56704E-18  1.09735E-17  7.28173E-18  1.76463E-17  7.47562E-18  1.78950E-17
  7.83103E-18  1.01793E-17  8.20724E-18  1.15231E-17  8.79781E-18  1.00143E-17  8.11834E-18  1.41290E-17  8.88080E-18  8.12539E-18
  8.08862E-18  8.26489E-18  7.59683E-18  1.52874E-17  8.23707E-18  1.58733E-17  7.28460E-18  1.29542E-17  1.04759E-17  1.56477E-17
  1.26559E-17  1.06348E-17  7.30707E-18  9.23481E-18  7.22631E-18  9.44749E-18  7.36391E-18  9.58518E-18  8.22144E-18  9.76258E-17
  9.55431E-18  7.98761E-17  1.09281E-17  1.00993E-17  9.50416E-18  8.44414E-18  8.17289E-18  1.14843E-17  7.79462E-18  1.38834E-17
  8.93395E-18  9.33104E-18  7.92830E-18  1.11968E-17  1.01252E-17  2.03164E-17  9.19041E-18  2.02980E-17  9.36894E-18  9.14565E-18
  8.39984E-18  1.05888E-17  8.85958E-18  1.10664E-17  1.29210E-17  1.46811E-17  1.52750E-17  9.31664E-18  1.54659E-17  1.10590E-17
  9.22726E-18  1.78824E-17  9.97850E-18  2.29362E-17  8.63071E-18  1.17176E-17  9.76945E-18  1.00639E-17  9.69454E-18  9.21708E-18
  9.67063E-18  1.19040E-17  9.55379E-18  1.08095E-17  8.76159E-18  1.00950E-17  9.50448E-18  1.39129E-17  9.84404E-18  1.19445E-17
  1.03132E-17  9.94339E-18  9.92612E-18  1.01471E-17  8.46716E-18  1.23096E-17  8.73016E-18  1.03245E-17  9.45628E-18  9.86925E-18
  1.02597E-17  9.73261E-18  1.31573E-17  4.29967E-17  1.38858E-17  4.27469E-17  1.07097E-17  1.42808E-17  1.10144E-17  1.09619E-17
  9.30085E-18  1.10521E-17  1.09659E-17  1.16499E-17  1.34931E-17  1.04054E-17  1.11055E-17  1.05153E-17  8.64737E-18  1.52680E-17
  9.87900E-18  1.89667E-17  8.68733E-18  1.40140E-17  1.06657E-17  1.24335E-17  1.00286E-17  1.36816E-17  9.83159E-18  1.13396E-17
  9.39500E-18  1.07679E-17  8.99641E-18  1.11283E-17  9.03428E-18  1.55864E-17  9.76603E-18  1.51407E-17  1.42766E-17  1.58089E-17
  1.60120E-17  1.47152E-17  1.27871E-17  1.42662E-17  9.13959E-18  1.37366E-17  1.10828E-17  1.02404E-17  1.11719E-17  9.96648E-18
  1.07838E-17  1.84998E-17  9.39955E-18  1.39707E-17  1.11238E-17  1.11100E-17  9.45079E-18  1.09076E-17  9.35571E-18  1.31976E-17
  1.07630E-17  1.06007E-17  1.01152E-17  1.04532E-17  1.02818E-17  1.44462E-17  1.04551E-17  2.12702E-16  1.38113E-17  1.86117E-16
  1.43420E-17  1.46656E-17  1.31967E-17  1.27169E-17  1.23431E-17  1.64999E-17  1.24337E-17  1.54270E-17  1.34890E-17  1.23917E-17
  1.23675E-17  1.46334E-17  1.24464E-17  2.04502E-17  1.36039E-17  1.87095E-17  1.28346E-17  1.47598E-17  1.45223E-17  1.31264E-17
  1.52876E-17  1.31593E-17  1.20654E-17  1.62826E-17  1.11018E-17  1.30516E-17  1.08086E-17  1.32931E-17  1.17337E-17  2.31218E-17
  1.09732E-17  1.99460E-17  1.15770E-17  1.47833E-17  1.13695E-17  1.41729E-17  1.10885E-17  1.53902E-17  1.04708E-17  1.42590E-17
  1.22326E-17  1.43186E-17  1.45723E-17  1.17561E-17  1.39336E-17  1.52000E-17  1.36264E-17  2.38288E-17  1.17903E-17  1.28087E-17
  1.20656E-17  1.45572E-17  1.20882E-17  1.80544E-17  1.26907E-17  1.60814E-17  1.20352E-17  1.66221E-17  1.37388E-17  1.25679E-17
  1.05413E-17  2.53356E-17  1.22157E-17  2.97218E-17  1.23134E-17  1.37631E-17  1.21853E-17  1.36335E-17  1.19572E-17  1.29727E-17
  1.16151E-17  1.43826E-17  1.12729E-17  1.48192E-17  1.10507E-17  1.31571E-17  1.19167E-17  1.47838E-17  1.10971E-17  1.68037E-17
  1.29952E-17  1.41434E-17  1.27914E-17  1.40838E-17  1.14958E-17  1.52456E-17  1.34986E-17  1.54619E-17  1.10997E-17  1.67487E-17
  1.21897E-17  1.20557E-17  1.20028E-17  2.59396E-17  1.22165E-17  2.57322E-17  1.25295E-17  1.41041E-17  1.14609E-17  1.22685E-17
  1.30125E-17  1.51109E-17  1.26754E-17  1.70234E-17  1.31150E-17  1.46079E-17  1.24784E-17  1.25774E-17  1.16003E-17  1.61504E-17
  1.38031E-17  1.42110E-17  1.15860E-17  1.30543E-17  1.29931E-17  1.56144E-17  1.15670E-17  2.53098E-17  1.23828E-17  1.99952E-17
  1.34655E-17  1.45759E-17  1.28948E-17  1.29849E-17  1.16050E-17  4.45163E-17  1.33894E-17  4.18474E-17  1.40537E-17  1.40767E-17
  1.41731E-17  1.67241E-17  1.34373E-17  1.48291E-17  1.24126E-17  1.44796E-17  1.23842E-17  1.33727E-17  1.44753E-17  1.47223E-17
  1.27807E-17  2.09799E-17  1.31136E-17  1.91910E-17  1.34963E-17  1.34593E-17  1.31643E-17  1.37377E-17  1.35443E-17  1.39517E-17
  1.27698E-17  1.58625E-17  1.36360E-17  1.65010E-17  1.53418E-17  1.56483E-17  1.47587E-17  2.35266E-17  1.59642E-17  3.31007E-17
  1.28402E-17  1.39392E-17  1.27197E-17  1.43527E-17  1.33828E-17  1.88018E-17  1.51731E-17  1.65270E-17  1.70261E-17  1.36840E-17
  1.30623E-17  1.39175E-17  1.46048E-17  1.53398E-17  1.42139E-17  1.70036E-17  1.32972E-17  1.43739E-17  1.36856E-17  1.49351E-17
  1.38032E-17  1.43378E-17  1.33994E-17  1.64329E-17  1.34269E-17  1.73115E-17  1.34183E-17  1.36298E-17  1.38685E-17  2.85789E-17
  1.48607E-17  2.48309E-17  2.01631E-17  1.68328E-17  1.72108E-17  1.61458E-17  0.00000E+00  0.00000E+00  0.00000E+00  0.00000E+00
  0.00000E+00  0.00000E+00  0.00000E+00  0.00000E+00  0.00000E+00  0.00000E+00  0.00000E+00  0.00000E+00  0.00000E+00  0.00000E+00
  0.00000E+00  0.00000E+00  0.00000E+00  0.00000E+00  0.00000E+00  0.00000E+00  0.00000E+00  0.00000E+00  0.00000E+00  0.00000E+00
  0.00000E+00  0.00000E+00  0.00000E+00  0.00000E+00  0.00000E+00  0.00000E+00  0.00000E+00  0.00000E+00  0.00000E+00  0.00000E+00
  0.00000E+00  0.00000E+00  0.00000E+00  0.00000E+00  0.00000E+00  0.00000E+00  0.00000E+00  0.00000E+00  0.00000E+00  0.00000E+00
  0.00000E+00  0.00000E+00  0.00000E+00  0.00000E+00  0.00000E+00  0.00000E+00  0.00000E+00  0.00000E+00  0.00000E+00  0.00000E+00
  0.00000E+00  0.00000E+00  0.00000E+00  0.00000E+00
 sum of spectrum= 0.37499994
