Detailed breakdown of CPU costs, sub. itransform_vel, per time step
averaged over  20  non-output steps
taskid ipid jpid   kxcomm1    fft(z)     kxcomm2    velgrad    total
     0    0    0  1.040E+00  2.871E-01  6.325E-01  0.000E+00  1.960E+00
     1    1    0  1.157E+00  2.871E-01  6.304E-01  0.000E+00  2.075E+00
--------------------------------------------
     2    0    1  1.034E+00  2.871E-01  6.333E-01  0.000E+00  1.955E+00
     3    1    1  1.154E+00  2.871E-01  6.314E-01  0.000E+00  2.073E+00
--------------------------------------------
     4    0    2  1.033E+00  2.871E-01  6.324E-01  0.000E+00  1.953E+00
     5    1    2  1.155E+00  2.871E-01  6.303E-01  0.000E+00  2.072E+00
--------------------------------------------
     6    0    3  1.041E+00  2.871E-01  6.323E-01  0.000E+00  1.960E+00
     7    1    3  1.157E+00  2.871E-01  6.310E-01  0.000E+00  2.075E+00
--------------------------------------------
