Detailed breakdown of CPU costs, sub. kxcomm2 per time step
averaged over  20  non-output steps
taskid ipid jpid  alltoall   comp_fft  comp_other   total      overall
     0    0    0  2.772E-01  1.395E-01  2.155E-01  6.323E-01  6.325E-01
     1    1    0  2.819E-01  1.388E-01  2.094E-01  6.301E-01  6.304E-01
--------------------------------------------
     2    0    1  2.772E-01  1.396E-01  2.162E-01  6.331E-01  6.333E-01
     3    1    1  2.810E-01  1.394E-01  2.108E-01  6.311E-01  6.314E-01
--------------------------------------------
     4    0    2  2.772E-01  1.393E-01  2.156E-01  6.322E-01  6.324E-01
     5    1    2  2.814E-01  1.389E-01  2.098E-01  6.301E-01  6.303E-01
--------------------------------------------
     6    0    3  2.772E-01  1.394E-01  2.154E-01  6.321E-01  6.323E-01
     7    1    3  2.798E-01  1.397E-01  2.111E-01  6.307E-01  6.310E-01
--------------------------------------------
