Detailed breakdown of CPU costs, sub. transform_vel, per time step
averaged over  20  non-output steps
taskid ipid jpid   xkcomm1    fft(z)     convec     xkcomm2    total
     0    0    0  9.990E-01  4.812E-01  3.658E-02  1.435E+00  2.952E+00
     1    1    0  9.999E-01  4.812E-01  3.656E-02  1.627E+00  3.144E+00
--------------------------------------------
     2    0    1  1.001E+00  4.812E-01  3.655E-02  1.435E+00  2.953E+00
     3    1    1  1.002E+00  4.812E-01  3.656E-02  1.627E+00  3.146E+00
--------------------------------------------
     4    0    2  9.980E-01  4.812E-01  3.655E-02  1.435E+00  2.951E+00
     5    1    2  9.991E-01  4.812E-01  3.658E-02  1.627E+00  3.143E+00
--------------------------------------------
     6    0    3  9.998E-01  4.812E-01  3.655E-02  1.435E+00  2.952E+00
     7    1    3  1.001E+00  4.812E-01  3.656E-02  1.627E+00  3.145E+00
--------------------------------------------
